#include <iostream>
using namespace std;

void main()
{
	setlocale(LC_ALL, "ru");


	int menu;
	cout << "Выберите размер карты\n\n15x15 - 1 \n20x20 - 2\n30x30 - 3\n\n Введите размер карты: ";
	cin >> menu;
	switch (menu) {
	case 1: {
		system("cls");

		const int RAWS = 15;
		const int COLS = 15;
		int n1[RAWS][COLS] =
		{
			{1,1,1,1,1,1,0,1,1,1,1,1,1,1,1},
			{1,1,1,1,1,1,0,1,1,1,1,1,1,1,1},
			{1,1,1,1,1,1,0,0,1,1,1,1,1,1,1},
			{1,1,1,1,1,1,1,0,0,0,0,1,1,1,1},
			{1,1,1,1,1,1,1,1,1,1,0,1,1,1,1},
			{1,1,1,1,1,1,1,1,1,1,0,1,1,1,1},
			{1,1,1,1,1,1,1,1,1,1,0,1,1,1,1},
			{1,1,1,1,1,1,1,1,1,0,0,1,1,1,1},
			{1,1,1,1,1,1,1,1,0,0,1,1,1,1,1},
			{1,1,1,1,1,1,1,1,0,1,1,1,1,1,1},
			{1,1,1,1,1,1,1,1,0,1,1,1,1,1,1},
			{1,1,1,1,1,1,1,1,0,0,0,0,0,0,1},
			{1,1,1,1,1,1,1,1,1,1,1,1,1,0,0},
			{1,1,1,1,1,1,1,1,1,1,1,1,1,1,0},

		};
		for (int i = 0; i < RAWS; i++) {
			for (int j = 0; j < COLS; j++)
			{
				if (n1[i][j] == 0)
				{
					cout << "  ";
				}
				else {
					cout << "# ";
				}
			}
			cout << "\n\n";
		}
	}
		
break;
	


case 2: {
		system("cls");
		const int RAWS = 20;
		const int COLS = 20;
		int n2[RAWS][COLS] =
		{
			{1,1,1,1,1,1,0,1,1,1,0,0,0,0,0,0,0,0,1,1},
			{1,1,1,1,1,1,0,1,1,1,1,1,1,1,1,1,1,0,1,1},
			{1,1,1,1,1,1,0,0,1,0,1,1,1,1,1,1,1,0,1,1},
			{1,1,1,1,1,1,1,0,0,0,0,1,1,1,1,1,1,0,1,1},
			{1,1,1,1,1,1,1,1,1,1,0,1,1,1,1,1,1,0,1,1},
			{1,1,1,1,1,1,1,1,1,1,0,0,1,1,1,1,1,0,1,1},
			{1,1,1,0,1,1,1,1,1,1,0,1,1,1,1,1,1,0,1,1},
			{1,1,1,1,1,1,1,1,1,0,0,1,1,1,1,1,1,0,1,1},
			{1,1,1,1,1,1,1,1,0,0,1,1,1,1,1,1,1,0,1,1},
			{1,1,1,1,1,0,1,1,0,0,1,1,1,1,1,1,1,0,1,1},
			{1,1,1,1,1,1,1,1,0,0,1,1,1,1,1,1,1,0,1,1},
			{1,1,1,1,1,1,1,1,0,0,0,0,0,0,1,1,1,0,1,1},
			{1,1,1,1,1,1,1,1,1,0,1,1,1,0,0,1,1,0,1,1},
			{1,1,1,1,1,1,1,1,1,1,1,1,0,0,0,0,1,0,1,1},
			{1,1,1,1,1,1,1,1,1,1,1,1,1,1,1,0,1,0,1,1},
			{1,1,1,1,1,1,1,1,0,0,0,0,0,0,0,0,1,0,1,1},
			{1,1,1,1,1,1,1,1,0,1,1,1,1,1,1,1,1,0,1,1},
			{1,1,1,1,1,1,1,1,0,1,1,1,1,1,1,1,1,0,1,1},
			{1,1,1,1,1,1,1,1,0,0,0,0,0,0,0,0,0,0,1,1},
			{1,1,1,1,1,1,1,1,1,1,1,1,1,1,0,1,1,1,1,1},
		};
		for (int i = 0; i < RAWS; i++) {
			for (int j = 0; j < COLS; j++)
			{
				if (n2[i][j] == 0)
				{
					cout << "  ";
				}
				else {
					cout << "# ";
				}
			}
			cout << "\n\n";
		}
	}
		
break;
	


case 3: {
		system("cls");
		const int RAWS = 30;
		const int COLS = 30;
		int n3[RAWS][COLS] =
		{
			{1,1,1,1,1,1,0,1,1,1,1,1,1,1,1,1,1,1,1,1,0,1,1,1,1,1,1,1,1,1},
			{1,1,1,1,1,1,0,1,1,1,1,1,1,1,1,1,1,1,1,1,0,1,1,1,1,1,1,1,1,1},
			{1,1,1,1,1,1,0,0,1,1,1,1,1,1,1,1,1,1,1,1,0,1,1,1,1,1,1,1,1,1},
			{1,1,1,1,1,1,1,0,0,0,0,1,1,1,1,1,1,1,1,1,0,1,1,1,1,1,1,1,1,1},
			{1,1,1,1,1,1,1,1,1,1,0,1,1,1,1,1,1,1,1,1,0,1,1,1,1,1,1,1,1,1},
			{1,1,1,1,1,1,1,1,1,1,0,1,1,1,1,1,1,1,1,1,0,1,1,1,1,1,1,1,1,1},
			{1,1,1,1,1,1,1,1,1,1,0,1,1,1,1,1,1,1,1,1,0,1,1,1,1,1,1,1,1,1},
			{1,1,1,1,1,1,1,1,1,0,0,1,1,1,1,1,1,1,1,1,0,1,1,1,1,1,1,1,1,1},
			{1,1,1,1,1,1,1,1,0,0,1,1,1,1,1,1,1,1,1,1,0,1,1,1,1,1,1,1,1,1},
			{1,1,1,1,1,1,1,1,0,1,1,1,1,1,1,1,1,1,1,1,0,1,1,1,1,1,1,1,1,1},
			{1,1,1,1,1,1,1,1,0,1,1,1,1,1,1,1,1,1,1,1,0,1,1,1,1,1,1,1,1,1},
			{1,1,1,1,1,1,1,1,0,0,0,0,0,0,1,1,0,1,1,1,0,1,1,1,1,1,1,1,1,1},
			{1,1,1,1,1,1,1,1,1,1,1,1,1,0,0,1,0,0,1,1,0,1,1,1,1,1,1,1,1,1},
			{1,1,1,1,1,1,1,1,1,1,1,1,1,1,0,0,1,1,1,1,0,1,1,1,1,1,1,1,1,1},
			{1,1,1,1,1,1,1,1,1,1,1,1,1,1,1,0,1,1,1,1,0,1,1,1,1,1,1,1,1,1},
			{1,1,1,1,1,1,1,1,0,0,0,0,0,0,0,0,1,1,1,1,0,1,1,1,1,1,1,1,1,1},
			{1,1,1,1,1,1,1,1,0,1,1,1,1,1,1,1,1,1,1,1,0,1,1,1,1,1,1,1,1,1},
			{1,1,1,1,1,1,1,1,0,1,1,1,1,1,1,1,1,1,1,1,0,1,1,1,1,1,1,1,1,1},
			{1,1,1,1,1,1,1,1,0,0,0,0,0,0,0,1,1,1,1,1,0,1,1,1,1,1,1,1,1,1},
			{1,1,1,1,1,1,1,1,1,1,1,1,1,1,0,1,1,1,1,1,0,1,1,1,1,1,1,1,1,1},
			{1,1,1,1,1,1,1,1,0,1,0,0,0,0,0,1,1,1,1,1,0,1,1,1,1,1,1,1,1,1},
			{1,1,1,1,1,1,1,1,0,0,0,0,0,0,1,1,1,1,1,1,0,1,1,1,1,1,1,1,1,1},
			{1,1,1,1,1,1,1,1,1,1,1,1,1,0,0,1,1,1,1,1,0,1,1,1,1,1,1,1,1,1},
			{1,1,1,1,1,1,1,1,1,1,1,1,1,1,0,0,1,1,1,1,0,1,1,1,1,1,1,1,1,1},
			{1,1,1,1,1,1,1,1,1,1,1,1,1,1,1,0,1,1,1,1,0,1,1,1,1,1,1,1,1,1},
			{1,1,1,1,1,1,1,1,0,0,0,0,0,0,0,0,1,1,1,1,0,1,1,1,1,1,1,1,1,1},
			{1,1,1,1,1,1,1,1,0,1,1,1,1,1,1,1,1,1,1,1,0,1,1,1,1,1,1,1,1,1},
			{1,1,1,1,1,1,1,1,0,1,1,1,1,1,1,1,1,1,1,1,0,1,1,1,1,1,1,1,1,1},
			{1,1,1,1,1,1,1,1,0,0,0,0,0,0,0,1,1,1,1,1,0,1,1,1,1,1,1,1,1,1},
			{1,1,1,1,1,1,1,1,1,1,1,1,1,1,0,0,0,0,0,0,0,1,1,1,1,1,1,1,1,1},
		};
		for (int i = 0; i < RAWS; i++) {
			for (int j = 0; j < COLS; j++)
			{
				if (n3[i][j] == 0)
				{
					cout << "  ";
				}
				else {
					cout << "# ";
				}
			}
			cout << "\n\n";
		}
	}
	}
	int _; cin >> _;



}
